50
883468233
960939140
748238408
479830345
1398091208
1620582438
806392846
308924528
1636267117
228732458
248982703
733257958
797846623
1000768473
167792155
278515903
808775331
1676096543
296709772
418351761
2071006578
1909421458
1754259274
400335215
1459364740
593273080
1503601741
1290814866
1118631991
1876851011
689878262
2002100224
690306503
1438116671
334446921
2088397711
911215461
1140839767
249838592
399998930
1369572226
498821295
1133256888
19935201
1499589768
1301049044
298451105
160881451
829661939
595160877
