98
1222592617
1516444413
1067344417
2067839912
1537339410
1217646574
1751348173
1416870543
636916931
795110293
1249062606
471985274
1301885457
1139362390
164085696
807740395
299567523
1961112319
1204585367
356774861
1380868401
1354292816
1220918985
1127304837
2129871080
692617105
574016570
1249204771
390453896
1127541320
1943161069
1613046513
496502085
863021838
1533402777
2033841495
2080668413
1137267302
1303228390
570101696
1932377595
404807348
1042086970
1086779404
1544169738
1206172666
1894519800
1843737262
1019801337
951621519
53028475
253186090
158430688
1273947461
1380490927
140818120
1966564566
1954507497
1390022891
209534814
934565169
1185700312
1822581327
1431067254
2048722150
1208500456
1317425101
1981906915
198284110
473169843
404524963
2130661706
877977192
1446611933
1069957462
274663282
505300951
816993614
2118400544
1525102288
1768615134
23945372
1778288378
1927045822
1297892833
1011295657
2067863942
1116973751
818319507
1310403185
1326508566
1752884676
348619849
1001606245
1036468283
249858351
62623054
206409736