81
755088244
1522709489
817254195
1487135564
582566759
101841266
891600202
1698626911
560744654
2030084820
1774493886
1400168726
968888116
590074485
1470189304
8466611
637716388
640458235
1142930168
743021743
587573456
332422240
629122257
1893955389
1025992840
1658269897
1482026553
1035849290
1501413211
726918961
823134293
109017807
102144802
1640388488
1596153371
684711562
1742229754
340269926
235854825
155490760
222871098
2010348711
1555659487
1191759215
452939548
878365143
1200225826
1090655937
1518823378
195672347
1833677680
2106396834
528094587
315316289
1852868575
1554087428
1973586187
1187411481
442453070
1327515750
1914330442
1265587363
1436533558
2016475245
758492203
885203281
553703159
353238309
1225473207
789557984
508729070
1448344306
652423047
2064388557
492619873
1105362595
795270052
1692845699
48534884
166609782
1888518046
